0 0
A2 (2, 3) 5 2
A2 (2, 3) 2 3
0 0
A2 (6, 5) 7 3
A2 (6, 5) 6 5
A2 (5, 7) 5 7
A2 (4, 9) 4 9
A2 (3, 11) 3 11
0 0
A2 (0, 7) 4 4
A2 (0, 7) 0 7
0 0
A2 (11, 0) 8 1
A2 (11, 0) 11 0
0 0
A2 (9, 4) 7 3
A2 (9, 4) 9 4
A2 (11, 5) 11 5
0 0
A2 (3, 6) 4 4
A2 (3, 6) 3 6
A2 (2, 8) 2 8
A2 (1, 10) 1 10
0 0
A2 (9, -1) 8 1
0 0
A2 (3, 1) 5 2
A2 (3, 1) 3 1
A2 (1, 0) 1 0
0 0
A2 (1, 5) 4 4
A2 (1, 5) 1 5
0 0
A2 (12, -2) 8 1
0 0
A2 (6, 0) 5 2
A2 (6, 0) 6 0
0 0
A2 (10, 2) 7 3
A2 (10, 2) 10 2
A A
A2 (10, 11) 8 8
A2 (10, 11) 10 11
A A
A2 (12, 13) 9 9
A A
A2 (4, 2) 6 5
A2 (4, 2) 4 2
A A
A2 (10, 10) 9 9
A2 (10, 10) 10 10
A2 (11, 11) 11 11
A A
A2 (3, 1) 6 5
A2 (3, 1) 3 1
A A
A2 (7, 7) 8 8
A2 (7, 7) 7 7
A2 (6, 6) 6 6
A2 (5, 5) 5 5
A2 (4, 4) 4 4
A2 (3, 3) 3 3
A2 (2, 2) 2 2
A2 (1, 1) 1 1
A2 (0, 0) 0 0
12
12
{(4, 9), (3, 1), (12, 13), (5, 7), (11, 5), (2, 2), (1, 0), (11, 11), (2, 8), (7, 7), (6, 5), (4, 2), (3, 3), (9, -1), (3, 6), (10, 2), (9, 4), (0, 7), (8, 8), (10, 11), (1, 5), (7, 3), (5, 2), (3, 11), (4, 4), (5, 5), (11, 0), (8, 1), (0, 0), (1, 1), (9, 9), (2, 3), (10, 10), (1, 10), (6, 0), (6, 6), (12, -2)}
{(4, 9), (3, 1), (5, 7), (11, 5), (2, 2), (1, 0), (11, 11), (2, 8), (7, 7), (6, 5), (4, 2), (3, 3), (3, 6), (10, 2), (9, 4), (0, 7), (8, 8), (10, 11), (1, 5), (7, 3), (5, 2), (3, 11), (4, 4), (5, 5), (11, 0), (8, 1), (0, 0), (1, 1), (9, 9), (2, 3), (10, 10), (1, 10), (6, 0), (6, 6)}
34
