0
0000000000000000000000000000000000000000000010
bad 0
1
0000000000000000000000000000000000000000000100
bad 1
2
0000000000000000000000000000000000000000001000
bad 2
3
0000000000000000000000000000000000000000010000
bad 3
4
0000000000000000000000000000000000000001000000
bad 4
5
6
0000000000000000000000000000000000000010000000
bad 6
7
0000000000000000000000000000000000000100000000
bad 7
8
0000000000000000000000000000000000001000000000
bad 8
9
0000000000000000000000000000000000010000000000
bad 9
10
11
0000000000000000000000000000000001000000000000
bad 11
12
0000000000000000000000000000000010000000000000
bad 12
13
0000000000000000000000000000000100000000000000
bad 13
14
0000000000000000000000000000010000000000000000
bad 14
15
16
0000000000000000000000000000100000000000000000
bad 16
17
0000000000000000000000000001000000000000000000
bad 17
18
0000000000000000000000000010000000000000000000
bad 18
19
0000000000000000000000000100000000000000000000
bad 19
20
0000000000000000000000001000000000000000000000
bad 20
21
0000000000000000000000010000000000000000000000
bad 21
22
0000000000000000000000100000000000000000000000
bad 22
23
0000000000000000000001000000000000000000000000
bad 23
24
0000000000000000000010000000000000000000000000
bad 24
25
0000000000000000000100000000000000000000000000
bad 25
26
0000000000000000001000000000000000000000000000
bad 26
27
0000000000000000010000000000000000000000000000
bad 27
28
0000000000000000100000000000000000000000000000
bad 28
29
0000000000000010000000000000000000000000000000
bad 29
30
0000000000000010000000000000000000000000000000
bad 30
31
0000000000000100000000000000000000000000000000
bad 31
32
0000000000001000000000000000000000000000000000
bad 32
33
0000000000010000000000000000000000000000000000
bad 33
34
0000000000100000000000000000000000000000000000
bad 34
35
0000000001000000000000000000000000000000000000
bad 35
36
0000000010000000000000000000000000000000000000
bad 36
37
0000000100000000000000000000000000000000000000
bad 37
38
0000001000000000000000000000000000000000000000
bad 38
39
0000010000000000000000000000000000000000000000
bad 39
40
0000100000000000000000000000000000000000000000
bad 40
41
0001000000000000000000000000000000000000000000
bad 41
42
0010000000000000000000000000000000000000000000
bad 42
43
0100000000000000000000000000000000000000000000
bad 43
44
1000000000000000000000000000000000000000000000
bad 44
